=== FD-IDS run: fdids_dnn_run1 ===\nclients=10 rounds=10 local_epochs=1 batch=4096 lr=0.001 | T=3.0 lambda=0.5 mu=0.01 beta=0.1\n\n-- Per-round metrics --\n round  avg_client_loss  quick_eval_loss  accuracy  macro_precision  macro_recall  macro_f1  weighted_precision  weighted_recall  weighted_f1  round_time_sec  is_best
     1         0.625309         2.844132    0.4106         0.113522      0.128481  0.098692            0.353181           0.4106     0.324270       38.163713        1
     2         0.502092         1.962873    0.5559         0.204724      0.256007  0.209591            0.448189           0.5559     0.451680       40.502260        1
     3         0.401518         1.520858    0.5642         0.229539      0.276557  0.230047            0.457040           0.5642     0.459498       40.609330        1
     4         0.346860         1.312240    0.5725         0.273212      0.289859  0.242903            0.469972           0.5725     0.475953       39.598774        1
     5         0.317800         1.201143    0.5813         0.301185      0.306203  0.252564            0.479962           0.5813     0.483568       39.166655        1
     6         0.299300         1.161312    0.5909         0.289257      0.316774  0.263533            0.489981           0.5909     0.503664       39.428087        1
     7         0.291645         1.084781    0.6008         0.363157      0.342839  0.292806            0.539729           0.6008     0.515104       38.951670        1
     8         0.279073         1.026775    0.6082         0.362243      0.376733  0.326944            0.531297           0.6082     0.524344       37.580256        1
     9         0.270159         0.981307    0.6138         0.377461      0.392580  0.343653            0.539769           0.6138     0.532048       37.708774        1
    10         0.264147         0.947492    0.6149         0.384930      0.399448  0.345927            0.553940           0.6149     0.531101       39.044964        0\n\n-- FINAL (best model trên full test) --\nloss=0.9769  accuracy=0.6134\nmacro    P/R/F1 = 0.3663/0.3852/0.3360\nweighted P/R/F1 = 0.5404/0.6134/0.5316\nattack-vs-benign: FPR=0.1368 FNR=0.0126 detection_rate=0.9874